1.00783  4.0026
6.941    9.01218  10.811   12.011   14.0067  15.9994 18.9984 20.1797
22.9898  24.305   26.9815  28.0855  30.9738  32.066  35.453 39.948
39.0983  40.078
44.9559  47.88    50.9415  51.9961  54.938   55.847 58.9332 58.6934 63.546 65.39,
69.723   72.61    74.9216  78.96    79.904   83.8
85.4678  87.62 
88.9059  91.224   92.9064  95.94    97.9072  101.07 102.906 106.42 107.868 112.411
114.818  118.71   121.757  127.6    126.904  131.29
132.905  137.327
138.905  140.115  140.908  144.24   144.913  150.36 151.965 157.25 158.925 162.5 164.93 167.26 168.934 173.04 174.967
178.49   180.948  183.84   186.207  190.23   192.22 195.08 196.967 200.59
204.383  207.2    208.98   208.982  209.987  222.018
223.02   226.025
227.028  232.038  231.036  238.029  239.04   239.04 243.061 247.07 247.07 251.08 252.083 257.095 258.1 259.101 262.11
