1.008   4.003 
6.941   9.012   10.811  12.011  14.007  15.999  18.998  20.179
22.99   24.305  26.982  28.086  30.974  32.064  35.453  39.948
39.102  40.08  
44.956  47.956  50.941  51.996  54.938  55.849  58.933  58.7    63.547  65.37  
69.72   72.59   74.922  78.96   79.904  83.8   
85.468  87.62  
88.906  91.22   92.906  95.94   99      101.07  102.906 106.4   107.868 112.41 
114.82  118.69  121.75  127.6   126.905 131.3  
132.905 137.34 
138.906 140.12  140.908 144.24  145     150.4   151.96  157.25  158.926 162.5   164.93  167.26  168.934 173.04  174.97 
178.49  180.948 183.85  186.207 190.2   192.22  195.09  196.967 200.59 
204.37  207.19  208.98  210     210     222    
223     226     
227     232.038 231     238.29  237     244     243     247     247     251     254     257     258     259     260