                                                       
     1     13.597
     2     24.583     54.409
     3      5.391     75.628    122.435
     4      9.321     18.208    153.871    217.686
     5      8.297     25.152     37.925    259.332    340.175
     6     11.262     24.379     47.875     64.484    392.033    489.910
     7     14.537     29.603     47.437     77.461     97.876    551.992    666.930
     8     13.616     35.131     54.934     77.404    113.886    138.100    739.217    871.250
     9     17.420     34.975     62.676     87.184    114.227    157.138    185.159    953.840   1103.100
    10     21.561     41.016     63.470     97.130    126.300    157.920    207.230    239.090   1195.600   1362.200
    11      5.138     47.288     71.720     98.890    138.500    172.250    208.462    264.190    299.800   1464.900   1648.700
    12      7.645     15.032     80.100    109.300    141.250    186.650    225.130    265.938    328.000    367.350   1761.510
         1963.000
    13      5.985     18.824     28.444    119.970    153.760    190.440    241.620    284.860    330.150    398.600    442.000
         2086.000   2304.000
    14      8.150     16.342     33.476     45.135    166.750    205.090    246.450    303.580    351.460    401.350    476.050
          523.000   2438.000   2673.000
    15     10.518     19.687     30.168     51.387     65.013    220.432    263.290    309.333    372.250    424.930    479.450
          561.000    612.000   2817.000   3070.000
    16     10.358     23.360     34.810     47.290     72.590     88.025    280.500    328.360    379.020    447.800    505.500
          565.000    652.000    707.000   3224.000   3494.000
    17     12.988     23.800     39.750     53.380     67.700     96.810    114.180    348.430    400.350    455.450    530.300
          592.000    657.000    750.000    809.000   3658.000   3946.000
    18     15.757     27.624     40.820     59.800     75.020     91.150    124.150    143.420    422.600    478.900    539.250
          618.000    686.000    756.000    855.000    918.000   4121.000   4426.000
    19      4.340     31.720     45.810     61.010     82.630     99.650    117.800    154.640    175.900    503.700    564.400
          629.000    714.000    787.000    862.000    968.000   1034.000   4611.000   4934.000
    20      6.112     11.870     51.060     67.220     84.410    108.890    127.800    147.400    188.300    211.300    591.600
          657.000    726.000    817.000    895.000    974.000   1087.000   1157.000   5129.000   5470.000
    21      6.550     12.840     24.750     73.800     91.750    111.100    139.000    159.200    180.200    225.150    249.780
          686.000    756.000    830.000    927.000   1009.000   1094.000   1213.000   1288.000   5675.000   6034.000
    22      6.825     13.570     27.810     43.250     99.600    119.180    140.900    172.000    193.000    216.500    264.900
          292.000    788.000    862.000    941.000   1044.000   1131.000   1221.000   1346.000   1425.000   6249.000   6626.000
    23      6.740     14.650     29.310     47.350     65.210    128.700    150.600    173.700    205.900    230.300    255.700
          308.000    336.000    896.000    975.000   1060.000   1168.000   1260.000   1355.000   1486.000   1569.000   6851.000
         7246.000
    24      6.765     16.490     30.950     49.300     71.600     90.580    161.100    184.800    209.400    245.200    270.700
          298.000    355.000    384.000   1011.000   1097.000   1185.000   1299.000   1396.000   1496.000   1634.000   1721.000
         7482.000   7895.000
    25      7.433     15.640     33.680     51.700     73.000    100.000    119.250    196.430    221.400    248.600    286.000
          314.000    344.000    404.000    435.000   1136.000   1224.000   1317.000   1437.000   1539.000   1644.000   1788.000
         1879.000   8141.000   8572.000
    26      7.883     16.170     30.645     54.800     75.500    100.000    130.000    151.110    234.700    262.000    290.300
          331.000    361.000    392.000    457.000    489.000   1266.000   1358.000   1456.000   1582.000   1689.000   1799.000
         1950.000   2045.000   8828.000   9278.000
    27      7.860     17.050     33.490     51.300     79.500    103.000    131.000    163.000    186.000    276.500    305.000
          336.000    379.000    411.000    444.000    512.000    547.000   1402.000   1500.000   1602.000   1734.000   1846.000
         1962.000   2119.000   2218.000   9544.000  10030.000
    28      7.634     18.159     35.660     55.500     75.500    108.000    134.000    168.000    200.000    224.300    318.000
          352.000    384.000    430.000    464.000    499.000    571.000    607.000   1546.000   1648.000   1756.000   1894.000
         2010.000   2131.000   2295.000   2398.000  10280.000  10790.000
    29      7.725     20.291     36.830     58.900     81.000    103.000    140.000    167.000    206.000    236.000    266.000
          369.000    401.000    435.000    484.000    520.000    557.000    633.000    671.000   1698.000   1804.000   1919.000
         2060.000   2182.000   2310.000   2478.000   2560.000  11050.000  11580.941
    30      9.392     17.962     39.710     59.400     86.000    110.000    136.000    177.000    203.000    242.000    274.000
          311.000    412.000    454.000    490.000    542.000    579.000    619.000    698.000    738.000   1856.000   1970.000
         2088.000   2234.000   2363.000   2495.000   2660.000   2730.000  11867.800  12403.488
    31      5.999     20.510     30.710     64.100     88.000    117.000    142.000    174.000    212.000    243.000    277.698
          313.288    349.583    472.266    516.932    554.840    610.412    649.710    691.914    775.392    817.264   2027.278
         2145.104   2266.297   2417.578   2553.287   2689.649   2861.868   2932.778  12706.087  13255.346
    32      7.889     15.932     34.210     45.700     93.400    112.500    146.000    174.000    207.000    250.000    287.508
          325.127    363.401    402.332    533.700    581.028    620.946    680.172    721.973    766.479    854.448    898.390
         2203.712   2324.271   2449.722   2606.280   2749.736   2891.494   3068.861   3141.700  13575.221  14136.665
    33      9.810     18.666     28.325     50.110     62.760    127.500    148.000    179.000    212.000    242.000    281.725
          323.388    365.564    408.874    453.318    597.166    647.161    689.091    752.076    796.283    843.193    935.955
          982.067   2386.380   2510.715   2638.268   2801.160   2952.342   3099.491   3283.029   3357.778  14485.556  15047.604
    34      9.751     21.340     32.000     42.922     68.300     81.900    155.200    187.000    220.000    250.000    291.625
          334.027    378.043    421.924    466.588    511.944    662.764    715.529    759.476    826.225    873.039    922.159
         1019.720   1068.007   2575.264   2702.274   2834.046   3002.207   3161.102   3313.639   3504.370   3580.011  15405.971
        15988.325
    35     11.827     21.700     35.900     47.300     59.700     88.600    103.000    192.900    228.000    261.000    305.269
          349.605    394.006    439.620    484.442    529.330    574.286    730.788    786.331    832.202    902.821    952.245
         1004.171   1106.631   1156.016   2771.436   2901.083   3035.986   3209.413   3378.093   3534.972   3731.862   3810.416
        16367.558  16958.997
    36     13.997     24.459     36.925     52.500     64.700     78.500    111.000    126.000    234.000    266.000    313.484
          360.610    407.378    453.787    501.102    547.178    592.795    638.053    801.245    859.573    907.564    981.967
         1034.200   1087.946   1195.614   1248.063   2972.696   3106.054   3244.079   3423.827   3601.227   3763.484   3967.553
         4046.988  17359.933  17959.799
    37      4.176     27.420     39.650     52.600     71.000     84.400     99.200    136.000    150.000    277.000    328.781
          379.540    429.175    477.891    525.585    573.855    619.885    664.788    708.759    876.633    937.880    987.799
         1065.656   1120.788   1177.751   1290.599   1345.137   3183.386   3319.317   3461.489   3646.497   3834.665   4001.246
         4212.468   4293.758  18383.081  18990.914
    38      5.693     11.028     43.600     57.000     71.600     90.800    106.000    122.300    162.000    177.000    288.295
          340.410    392.657    445.225    497.924    550.943    605.902    659.759    713.749    768.062    951.593   1015.631
         1068.165   1149.713   1210.434   1269.625   1387.669   1444.298   3401.301   3539.785   3686.088   3876.352   4074.234
         4247.217   4465.582   4547.714  19436.988  20052.532
    39      6.380     12.230     20.510     61.800     77.000     93.000    116.000    129.000    146.200    191.000    211.306
          342.794    398.099    453.291    508.370    563.336    618.189    675.245    730.255    785.248    840.031   1024.106
         1091.272   1145.749   1230.851   1302.150   1363.570   1485.845   1544.566   3623.162   3765.301   3914.695   4110.209
         4320.971   4498.283   4723.822   4807.853  20511.281  21144.853
    40      6.837     13.020     23.550     34.150     81.900     99.200    116.500    139.000    155.000    173.000    216.267
          237.706    385.429    443.184    501.070    558.894    616.753    674.646    735.360    793.899    852.377    910.890
         1100.126   1169.950   1226.373   1315.044   1392.969   1457.602   1582.178   1642.989   3851.128   3996.925   4149.415
         4351.234   4573.829   4756.514   4989.237   5075.190  21626.663  22268.080
    41      6.880     14.110     25.040     38.300     49.500    102.600    124.500    141.000    165.000    186.000    206.282
          251.526    273.957    443.119    503.793    564.221    624.405    684.344    744.038    807.078    866.856    926.387
          985.767   1176.294   1248.753   1307.128   1400.303   1482.887   1548.738   1676.666   1739.564   4084.097   4231.438
         4388.128   4596.246   4831.763   5019.834   5260.802   5348.722  22762.404  23422.429
    42      7.115     15.930     29.600     46.400     61.200     68.000    126.800    153.000    167.000    194.000    221.305
          242.788    291.847    315.276    507.706    571.166    633.985    696.365    758.106    819.407    884.186    945.072
         1004.831   1065.403   1257.428   1332.552   1392.881   1489.621   1577.855   1645.926   1777.181   1842.173   4324.221
         4475.240   4635.049   4848.407   5098.931   5292.383   5540.566   5630.470  23939.203  24608.120
    43      7.250     15.060     30.700     46.000     59.000     80.000     94.000    161.000    183.000    195.000    217.314
          246.264    268.918    320.010    344.633    553.519    619.276    684.821    750.155    815.277    880.188    949.644
         1014.705   1079.843   1144.767   1343.542   1422.332   1484.617   1584.996   1677.880   1749.173   1883.734   1950.825
         4574.727   4728.312   4892.275   5110.870   5376.365   5575.192   5831.605   5923.466  25146.686  25825.383
    44      7.360     16.680     29.400     46.500     63.000     81.000    100.000    119.000    192.000    216.000    239.903
          263.636    293.164    316.728    372.615    397.802    636.171    704.615    772.137    838.939    904.919    969.979
         1039.064   1103.733   1166.590   1229.595   1427.892   1508.352   1573.576   1677.457   1776.019   1849.528   1987.463
         2056.652   4824.769   4982.103   5149.248   5374.129   5655.740   5859.974   6124.696   6218.641  26384.841  27074.456
    45      7.460     18.080     31.900     45.600     67.000     85.000    105.000    126.000    147.000    225.000    250.101
          275.019    299.540    329.853    354.491    413.459    439.470    701.018    771.814    841.750    910.725    978.939
         1046.493   1118.528   1184.717   1250.038   1314.491   1517.237   1601.342   1667.558   1774.984   1880.217   1955.952
         2098.229   2169.521   5085.154   5245.136   5415.452   5646.615   5944.330   6153.972   6428.036   6524.068  27653.651
        28355.586
    46      8.330     19.420     33.160     48.800     66.000     90.000    110.000    131.000    155.000    179.000    255.286
          281.127    306.580    331.859    361.764    387.180    449.404    476.306    760.628    833.918    906.269    977.885
         1048.363   1118.206   1193.150   1262.272   1330.547   1397.002   1604.820   1691.547   1759.737   1871.593   1981.539
         2060.481   2206.174   2279.565   5346.134   5509.937   5683.501   5919.886   6236.933   6452.007   6734.452   6832.692
        28942.754  29669.029
    47      7.575     21.480     36.100     52.000     70.000     89.000    115.500    139.500    161.000    185.000    204.821
          284.828    311.262    337.521    363.605    394.889    421.412    486.050    514.195    817.575    893.323    968.654
         1043.863   1117.465   1191.538   1270.980   1343.994   1417.463   1489.434   1705.160   1794.608   1864.770   1980.270
         2096.881   2178.064   2328.082   2403.587   5623.888   5790.336   5968.129   6209.736   6547.051   6767.530   7059.317
         7159.658  30283.179  31015.050
    48      8.992     16.906     37.480     55.000     73.000     94.000    115.000    146.000    170.000    195.000    216.863
          238.580    324.828    352.405    379.692    406.893    440.107    467.722    535.733    564.839    893.715    971.877
         1049.990   1126.858   1203.179   1278.955   1362.047   1437.683   1512.767   1587.298   1806.662   1897.832   1970.950
         2090.035   2215.324   2298.748   2452.120   2530.729   5907.592   6076.730   6258.789   6506.667   6864.285   7090.185
         7391.356   7493.872  31654.212  32393.923
    49      5.785     18.864     28.010     54.400     77.000     98.000    120.000    144.500    180.000    204.000    227.876
          251.479    274.913    367.626    396.361    424.783    453.099    488.350    517.035    588.473    618.595    974.692
         1054.720   1134.848   1214.371   1293.290   1371.603   1457.189   1534.264   1611.712   1688.548   1913.211   2008.074
         2083.174   2205.891   2336.871   2423.533   2580.270   2660.997   6197.226   6370.169   6556.524   6809.617   7189.668
         7421.002   7732.621   7836.351  33055.839  33805.933
    50      7.338     14.631     30.601     40.734     72.280    103.000    125.000    150.000    175.000    210.000    236.792
          262.331    287.573    312.727    411.862    441.642    471.293    500.711    538.096    568.039    642.907    674.022
         1058.031   1141.501   1223.301   1305.438   1385.911   1465.724   1554.741   1634.176   1712.942   1792.014   2021.907
         2119.470   2196.558   2322.841   2461.527   2550.429   2711.550   2794.397   6493.850   6670.636   6859.221   7118.575
         7522.154   7759.978   8081.062   8188.113  34488.045  35251.375
    51      8.640     16.615     25.050     44.150     63.800    107.800    132.000    156.000    184.000    211.000    238.073
          266.331    293.267    320.032    346.624    451.012    481.947    512.679    543.208    582.790    614.001    692.098
          724.452   1135.783   1221.238   1306.121   1390.431   1474.170   1557.336   1649.780   1732.751   1815.144   1896.959
         2132.756   2233.004   2312.084   2442.889   2589.297   2680.438   2845.966   2930.935   6796.367   6975.995   7170.024
         7434.585   7863.816   8107.107   8437.704   8547.142  35961.155  36730.555
    52      9.009     18.700     27.960     37.650     66.000     83.000    137.000    164.000    192.000    220.000    249.364
          278.367    308.942    337.861    366.524    394.932    507.428    539.583    571.443    603.111    645.053    677.115
          759.205    792.174   1238.100   1325.868   1411.796   1497.907   1582.187   1666.642   1760.177   1843.911   1925.825
         2007.885   2246.737   2350.642   2431.720   2565.037   2721.181   2814.562   2983.522   3070.615   7105.833   7289.416
         7485.771   7756.585   8212.570   8462.387   8803.571   8915.468  37454.473  38243.788
    53     10.445     19.065     32.200     41.800     71.000     83.000    104.000    169.900    200.000    229.000    260.812
          292.385    323.494    356.353    387.189    417.669    447.793    568.943    602.368    635.281    667.895    712.159
          745.050    831.371    864.779   1347.917   1436.738   1524.436   1611.011   1696.465   1780.796   1875.980   1959.979
         2041.846   2122.578   2363.858   2470.430   2553.511   2691.291   2856.190   2951.808   3125.217   3214.436   7421.155
         7608.762   7809.602   8085.614   8570.486   8825.811   9177.639   9293.096  38998.999  39791.403
    54     12.128     21.200     32.100     45.700     57.000     89.000    101.000    126.000    210.000    238.000    272.695
          306.920    340.676    373.963    409.179    441.965    474.275    506.110    636.405    670.919    704.899    738.344
          784.986    818.554    909.030    942.670   1464.916   1555.528   1643.631   1731.304   1817.504   1901.218   1997.547
         2080.234   2161.432   2241.142   2484.127   2593.355   2679.429   2819.652   2994.326   3093.179   3270.066   3362.405
         7743.387   7934.021   8139.406   8420.614   8936.519   9197.377   9560.933   9679.025  40563.703  41373.740
    55      3.894     25.100     34.800     45.700     62.000     74.053    100.142    122.260    145.412    250.888    288.952
          326.509    363.312    399.607    435.270    473.039    507.888    542.098    575.552    716.020    751.626    786.407
          820.479    869.747    903.694    998.433   1031.877   1598.232   1689.015   1777.868   1865.835   1950.818   2033.871
         2130.217   2210.269   2289.367   2366.495   2608.530   2720.410   2808.498   2953.130   3137.592   3238.683   3421.052
         3514.529   8074.650   8268.353   8477.273   8764.721   9312.738   9580.179   9954.478  10075.283  42179.575  42991.149
    56      5.211     10.007     37.000     48.900     62.044     80.115     94.202    120.344    145.019    160.689    239.198
          273.510    307.694    341.749    375.675    409.472    445.994    479.935    513.746    547.528    680.066    716.832
          753.354    789.833    842.124    879.588    975.584   1013.737   1579.448   1677.813   1775.789   1873.377   1969.589
         2066.402   2178.578   2275.566   2372.162   2469.345   2737.077   2851.602   2941.711   3089.725   3283.997   3388.322
         3575.207   3670.817   8411.708   8608.568   8822.141   9115.826   9698.098   9971.113  10360.322  10484.916  43815.597
        44643.997
    57      5.593     11.240     19.172     52.038     66.096     80.174    100.290    114.915    145.631    165.838    183.369
          271.692    307.349    342.982    378.385    413.660    448.911    487.188    522.584    557.851    592.989    731.452
          769.274    807.056    844.597    899.952    938.683   1038.434   1078.458   1677.994   1779.324   1879.283   1978.866
         2079.061   2177.891   2294.075   2394.087   2493.716   2592.962   2866.847   2983.985   3076.120   3228.438   3433.545
         3541.103   3731.542   3830.280   8753.473   8954.651   9172.952   9471.820  10090.519  10371.207  10770.269  10892.749
        45492.417  46332.660
    58      5.470     11.600     19.815     36.764     70.154     85.249    100.366    121.532    140.718    168.985    210.690
          229.936    342.814    382.295    421.354    459.991    498.206    536.110    578.902    616.372    653.413    690.026
          839.970    878.457    916.480    954.039   1012.549   1050.643   1154.418   1192.851   1848.768   1948.722   2047.433
         2144.898   2241.119   2336.096   2448.866   2543.235   2635.346   2727.185   2995.885   3115.587   3210.744   3365.256
         3583.243   3693.022   3888.072   3988.941   9099.932   9305.533   9527.602   9832.697  10484.816  10772.193  11190.467
        11321.058  47210.018  48057.531
    59      5.590     10.550     21.636     39.009     57.580     89.268    105.898    122.552    146.770    160.965    177.580
          221.401    239.767    362.186    400.848    439.156    477.217    515.032    552.599    598.132    635.705    672.923
          709.996    857.323    896.754    936.018    975.010   1037.539   1077.139   1182.733   1223.590   1902.308   2006.109
         2110.191   2213.540   2315.159   2417.048   2539.058   2640.404   2741.997   2841.862   3122.228   3245.419   3341.632
         3500.177   3731.089   3843.074   4042.807   4145.804   9447.867   9656.982   9883.993  10194.262  10896.523  11183.365
        11610.669  11739.472  48947.725  49819.016
    60      5.900     10.720     22.955     51.500     73.969     91.930    110.426    129.600    147.797    171.557    189.788
          218.748    254.729    273.942    418.096    458.424    498.515    538.149    577.544    616.483    665.776    704.514
          742.901    780.936    934.336    974.557   1014.399   1054.174   1119.571   1160.441   1268.204   1309.008   2031.799
         2137.203   2242.604   2345.963   2448.303   2549.622   2674.892   2775.052   2875.172   2974.255   3256.656   3382.369
         3481.618   3643.244   3887.088   4002.289   4205.701   4311.829   9805.802  10020.598  10251.535  10568.022  11308.025
        11604.717  12041.121  12178.380  50736.503  51617.534
    61      5.550     10.900     24.348     54.754     76.605     95.612    115.327    135.645    150.836    178.127    199.104
          229.920    260.461    284.178    303.854    468.898    510.529    551.774    592.521    632.993    673.079    725.749
          765.546    804.842    843.856   1001.605   1042.590   1082.729   1123.083   1193.480   1233.888   1345.674   1386.946
         2149.379   2257.083   2363.653   2469.089   2572.380   2675.554   2804.628   2906.396   3008.012   3107.488   3394.283
         3522.498   3623.801   3788.436   4047.248   4164.658   4372.783   4481.047  10171.576  10388.977  10622.893  10949.776
        11740.025  12036.245  12492.073  12637.798  52555.683  53453.524
    62      5.610     11.130     25.434     56.769     76.956     95.453    114.445    133.874    161.921    181.680    204.947
          237.013    268.918    290.271    310.310    340.361    515.574    557.914    599.984    641.674    682.982    723.799
          779.778    820.417    860.670    900.538   1061.539   1103.498   1145.146   1185.323   1259.705   1300.999   1415.664
         1457.837   2258.617   2368.169   2477.632   2584.960   2691.180   2797.297   2931.338   3036.077   3139.687   3242.170
         3535.117   3665.813   3769.177   3936.762   4210.572   4330.186   4544.062   4654.462  10541.974  10765.267  11004.331
        11331.149  12171.809  12477.942  12943.028  13097.467  54415.570  55327.437
    63      5.670     11.240     22.802     57.253     78.468     97.420    116.887    136.846    165.726    188.254    212.169
          245.928    279.496    300.955    321.641    353.831    386.286    571.648    615.126    658.299    701.053    743.278
          785.195    841.808    883.472    924.603    965.418   1132.972   1175.760   1217.026   1258.904   1336.182   1378.022
         1496.684   1539.293   2381.946   2493.748   2604.332   2713.696   2821.840   2928.766   3065.589   3171.915   3277.002
         3379.860   3678.183   3811.330   3917.752   4088.226   4377.065   4499.882   4718.547   4831.084  10916.981  11147.346
        11395.833  11722.589  12613.725  12929.803  13414.482  13557.388  56305.825  57239.742
    64      6.150     12.000     19.658     41.522     73.579     90.793    107.946    125.079    146.459    167.801    185.954
          216.061    249.260    271.754    291.877    322.592    355.478    388.406    564.728    606.992    649.079    691.192
          733.228    775.088    832.135    874.531    916.951    959.193   1123.627   1168.605   1213.500   1257.314   1338.933
         1385.541   1506.701   1554.063   2407.967   2527.870   2646.561   2766.024   2884.276   3003.299   3154.705   3275.231
         3394.547   3514.625   3832.348   3968.967   4077.461   4250.879   4555.756   4681.788   4905.229   5020.909  11310.388
        11539.410  11797.384  12134.523  13076.108  13402.140  13896.188  14047.990  58247.069  59190.928
    65      6.290     11.520     18.634     40.261     70.998     87.735    104.523    121.273    139.397    163.173    181.031
          210.580    243.556    266.136    286.198    316.702    349.858    382.941    416.144    594.768    637.244    679.847
          722.382    764.946    807.638    864.538    907.881    951.351    994.558   1162.354   1208.798   1255.275   1301.783
         1385.587   1435.115   1559.255   1608.878   2495.166   2618.819   2741.575   2865.399   2989.308   3113.302   3273.789
         3399.935   3526.167   3652.485   3982.862   4121.887   4232.463   4408.632   4730.612   4859.839   5088.146   5205.966
        11703.043  11941.435  12188.099  12535.607  13538.260  13874.311  14377.898  14538.860  60228.963  61181.499
    66      6.370     11.670     24.777     57.783     78.879     96.337    113.819    131.120    156.829    175.385    197.498
          230.034    265.167    285.884    306.558    340.065    373.501    406.763    440.055    473.173    666.047    710.226
          754.208    798.095    841.886    885.580    941.605    985.902   1030.203   1074.406   1251.285   1298.163   1343.934
         1390.605   1477.233   1525.654   1654.912   1704.026   2641.509   2765.137   2889.484   3012.559   3136.352   3258.874
         3419.757   3543.665   3668.282   3792.616   4125.768   4267.101   4379.770   4559.463   4899.617   5030.007   5264.292
         5385.244  12084.346  12332.391  12588.853  12946.722  14000.179  14346.316  14869.860  15029.999  62230.855  63211.981
    67      6.020     11.800     25.379     59.400     80.151     97.896    115.658    133.270    159.496    178.468    201.923
          235.494    268.997    291.469    312.565    347.012    381.389    415.593    449.829    483.994    518.089    719.181
          764.235    809.194    854.061    898.834    943.514    999.918   1045.308   1090.602   1135.801   1318.711   1365.588
         1413.369   1461.049   1550.701   1601.138   1734.439   1784.574   2762.378   2889.069   3015.491   3141.644   3267.529
         3393.144   3559.138   3687.145   3813.887   3941.344   4280.789   4424.461   4539.226   4722.505   5080.842   5215.419
         5453.659   5576.751  12486.099  12733.295  12999.630  13357.426  14482.541  14828.468  15372.074  15541.709  64283.677
        65282.918
    68      6.090     11.930     25.897     60.872     81.335     99.345    117.300    135.314    162.142    181.417    206.097
          240.681    275.098    296.957    318.364    352.404    388.830    424.064    459.231    494.228    529.260    564.224
          773.649    819.571    865.505    911.249    957.005   1002.672   1058.951   1105.337   1151.632   1197.837   1386.748
         1435.647   1483.446   1532.153   1625.842   1677.315   1814.669   1865.853   2885.880   3015.674   3144.215   3273.495
         3402.519   3530.292   3701.461   3831.655   3961.587   4092.248   4439.064   4585.045   4702.908   4887.694   5266.265
         5403.013   5648.264   5773.497  12897.660  13154.615  13420.414  13788.561  14974.996  15331.070  15884.540  16063.852
        66377.091  67394.877
    69      6.160     12.050     23.710     56.131     74.559     91.262    108.046    124.844    150.119    168.422    192.409
          225.299    257.803    278.601    300.017    333.213    366.587    401.847    436.246    470.827    505.400    540.154
          574.900    781.294    827.238    873.297    919.469    965.850   1012.250   1068.389   1115.993   1163.712   1211.548
         1401.702   1452.855   1503.161   1554.559   1652.747   1707.371   1848.868   1903.861   2948.737   3084.458   3220.507
         3356.882   3493.585   3630.615   3813.250   3953.947   4094.977   4236.342   4599.614   4748.862   4868.837   5056.041
         5455.892   5595.812   5846.115   5974.490  13308.431  13575.341  13851.192  14219.264  15477.535  15843.804  16417.506
        16596.439  68511.080  69548.446
    70      6.257     12.130     25.200     59.908     78.954     96.555    114.169    131.835    158.671    177.731    203.434
          238.323    271.970    293.638    316.494    351.477    386.486    421.521    458.147    494.115    530.110    566.131
          602.082    638.157    857.791    905.162    952.569    999.619   1047.096   1094.608   1151.975   1200.544   1249.147
         1297.787   1495.960   1547.679   1598.451   1650.246   1752.313   1807.158   1952.730   2008.675   3103.403   3239.748
         3377.179   3514.712   3651.357   3789.091   3974.381   4115.301   4256.324   4396.460   4764.425   4915.917   5038.012
         5228.558   5649.730   5791.808   6048.218   6178.735  13728.971  13995.475  14281.536  14649.535  15990.151  16366.664
        16950.477  17139.475  70685.622  71744.236
    71      5.426     14.300     19.000     43.346     75.992     94.090    112.225    130.407    152.737    177.114    196.730
          229.053    266.230    293.172    315.341    347.947    385.327    422.666    460.158    499.445    537.630    575.873
          614.173    652.530    690.944    918.006    966.389   1014.845   1063.275   1111.776   1160.349   1219.718   1269.418
         1319.191   1369.037   1572.489   1625.532   1678.652   1730.869   1839.070   1894.426   2045.145   2101.715   3237.550
         3377.782   3518.218   3658.859   3799.705   3941.742   4134.381   4279.834   4424.508   4569.390   4946.390   5100.173
         5224.391   5417.358   5862.880   6008.139   6269.624   6402.292  14180.353  14446.420  14732.257  15110.593  16533.490
        16909.950  17514.197  17713.296  72911.005  73982.884
    72      5.500     14.900     23.300     31.000     63.629     92.265    110.867    129.446    148.067    176.732    197.339
          217.518    256.017    293.370    316.099    340.588    379.970    419.344    458.807    498.453    540.098    580.210
          620.506    660.891    701.366    741.929    976.304   1025.544   1074.892   1125.312   1174.876   1224.547   1285.947
         1336.816   1388.765   1439.855   1648.622   1703.027   1756.573   1811.209   1924.578   1982.446   2136.387   2195.585
         3372.550   3515.740   3660.218   3805.004   3949.112   4094.513   4295.533   4444.575   4593.932   4743.604   5129.688
         5286.706   5413.056   5608.329   6078.253   6225.674   6493.309   6629.131  14620.323  14896.729  15192.924  15581.590
        17076.556  17463.348  18088.169  18287.430  75187.204  76265.051
    73      7.880     16.100     22.100     33.000     45.000     84.994    109.059    128.013    147.028    166.105    197.175
          217.784    242.265    282.809    315.385    338.649    369.925    410.935    452.076    493.348    534.751    578.450
          620.400    662.577    704.791    747.137    789.615   1030.418   1081.568   1131.921   1183.384   1234.048   1284.866
         1348.314   1401.383   1454.612   1507.038   1720.894   1776.789   1831.882   1888.109   2007.667   2067.244   2226.427
         2287.487   3504.509   3651.938   3800.788   3949.097   4097.844   4247.031   4455.872   4609.981   4764.542   4919.554
         5315.313   5474.522   5603.014   5801.475   6295.853   6447.441   6720.282   6859.257  15069.974  15356.855  15653.128
        16041.716  17629.670  18026.852  18672.394  18882.214  77493.588  78591.425
    74      7.980     17.800     24.000     35.200     48.000     61.000    109.161    128.633    148.267    167.879    187.559
          221.295    242.522    272.041    314.429    342.788    366.695    405.007    447.923    490.988    534.201    577.563
          623.513    667.458    711.552    755.796    800.095    844.638   1094.006   1145.280   1197.675   1250.244   1302.987
         1354.947   1420.487   1474.730   1529.151   1583.748   1803.435   1860.599   1916.978   1974.507   2100.187   2162.089
         2324.533   2387.973   3650.048   3801.084   3951.624   4103.628   4256.118   4408.107   4624.756   4782.760   4940.272
         5099.272   5504.265   5665.623   5796.264   5996.796   6518.707   6672.437   6951.553   7092.676  15529.276  15816.330
        16123.257  16522.161  18192.826  18600.457  19266.872  19477.322  79850.747  80962.724
    75      7.870     16.800     26.000     37.900     51.000     64.000     79.000    131.467    151.862    172.230    192.663
          218.440    248.750    270.983    307.057    350.981    375.722    401.195    446.038    491.117    536.337    581.605
          627.109    675.491    721.566    767.878    814.238    860.836    907.481   1167.345   1219.764   1273.297   1326.993
         1380.850   1434.868   1503.478   1558.806   1614.298   1669.956   1896.130   1954.319   2012.678   2071.209   2202.952
         2265.838   2433.434   2497.823   3807.832   3960.858   4114.333   4269.241   4423.616   4578.439   4801.944   4961.731
         5121.979   5282.688   5695.558   5859.016   5992.814   6195.306   6745.814   6901.675   7187.129   7331.406  15987.688
        16285.594  16592.913  17002.123  18776.331  19184.158  19871.604  20093.102  82248.354  83379.694
    76      8.700     17.000     25.000     40.000     54.000     68.000     83.000     99.000    156.108    177.300    198.550
          219.858    252.365    278.867    302.063    345.250    385.919    411.523    443.426    490.444    537.684    584.956
          632.451    680.074    730.775    779.134    827.526    876.143    924.794    973.477   1243.441   1297.965   1353.594
         1408.405   1463.358   1518.455   1589.170   1645.542   1703.029   1759.692   1992.512   2051.649   2110.937   2170.375
         2309.152   2373.891   2545.639   2610.847   3970.593   4126.409   4282.623   4439.235   4595.255   4752.660   4982.776
         5145.038   5306.715   5469.791   5890.193   6055.705   6192.671   6397.009   6976.171   7136.170   7428.025   7574.448
        16455.712  16764.624  17082.851  17491.981  19359.542  19788.245  20486.588  20719.394  84696.690  85843.114
    77      9.150     17.000     27.000     39.000     57.000     72.000     88.000    104.000    121.000    182.887    204.992
          227.148    249.354    287.047    311.173    337.251    386.099    423.261    449.838    488.394    537.633    586.981
          636.440    686.009    735.689    788.838    839.319    889.910    940.517    991.332   1042.645   1323.128   1378.792
         1435.545   1491.452   1548.451   1604.601   1677.413   1735.772   1794.256   1851.889   2025.944   2085.909   2146.001
         2206.222   2418.721   2484.277   2661.139   2727.094   4138.019   4295.544   4454.393   4612.590   4771.121   4930.979
         5167.592   5331.188   5496.122   5660.407   6088.179   6255.698   6394.841   6600.898   7211.801   7373.910   7672.236
         7821.812  16933.317  17242.974  17572.296  17981.345  19963.082  20392.119  21122.075  21356.207  87185.432  88353.794
    78      8.980     18.550     28.200     41.000     55.000     75.000     92.000    109.000    127.000    146.000    212.945
          236.037    259.065    282.222    321.060    346.324    379.459    430.742    464.081    491.554    537.399    589.037
          640.650    692.434    744.291    796.123    851.730    904.491    957.228   1010.429   1062.924   1116.469   1409.781
         1466.583   1524.443   1581.402   1639.422   1697.522   1772.404   1831.660   1890.997   1950.415   2198.099   2258.799
         2320.568   2381.435   2535.258   2601.299   2782.201   2849.493   4313.884   4473.549   4633.433   4793.536   4952.863
         5113.402   5356.739   5521.756   5686.996   5852.460   6286.531   6456.997   6597.325   6805.962   7449.682   7614.897
         7919.767   8071.487  17409.992  17731.062  18061.247  18480.585  20576.627  21016.365  21757.566  22003.549  89724.857
        90912.583
    79      9.224     20.500     30.200     43.700     58.000     73.000     96.000    115.000    133.000    153.000    170.190
          241.789    265.539    289.320    313.134    353.639    379.757    419.877    473.055    501.928    530.352    583.225
          636.655    690.254    743.826    797.568    851.283    908.974    963.616   1018.819   1073.312   1127.876   1182.513
         1486.234   1545.104   1604.052   1662.094   1721.194   1780.372   1858.328   1918.658   1980.051   2040.538   2294.535
         2357.281   2419.120   2482.028   2642.979   2711.064   2897.144   2965.482   4480.420   4642.214   4805.209   4967.421
         5130.837   5293.468   5543.959   5712.048   5880.353   6048.874   6491.241   6663.617   6806.139   7016.252   7693.858
         7862.170   8174.657   8328.520  17896.210  18218.456  18560.067  18989.686  21200.169  21650.681  22413.560  22671.613
        92314.940  93520.363
    80     10.435     18.758     34.200     46.000     61.000     77.000     94.000    120.000    139.000    159.000    177.452
          195.929    272.147    296.711    321.309    345.939    389.021    415.961    463.419    513.564    542.780    576.996
          632.185    687.545    742.881    798.291    853.776    909.334    969.266   1025.855   1082.324   1138.867   1195.485
         1252.178   1565.044   1625.004   1685.042   1745.159   1806.339   1866.615   1946.672   2009.090   2070.602   2133.182
         2394.388   2457.263   2521.208   2585.236   2755.321   2823.549   3014.838   3084.316   4650.388   4815.434   4980.695
         5146.169   5311.858   5477.760   5736.595   5906.977   6078.577   6250.397   6701.327   6875.569   7021.299   7232.788
         7946.361   8117.763   8436.917   8593.934  18391.940  18725.961  19068.740  19508.633  21833.701  22295.062  23090.056
        23350.228  94945.364  96178.058
    81      6.108     20.424     29.810     50.700     64.000     81.000     98.000    115.000    145.000    165.500    185.377
          205.176    224.994    306.552    332.107    357.784    383.486    429.663    457.775    513.339    559.648    589.922
          631.016    688.343    745.725    803.065    860.559    918.108    975.615   1038.393   1096.014   1154.675   1213.392
         1272.167   1330.997   1654.436   1715.484   1777.578   1838.743   1899.966   1962.237   2045.358   2108.749   2172.200
         2235.711   2503.620   2568.343   2633.128   2697.973   2876.179   2946.174   3142.574   3213.757   4833.412   5000.117
         5166.980   5334.999   5502.179   5670.515   5936.876   6109.574   6283.434   6456.458   6915.802   7091.861   7239.804
         7453.549   8205.180   8378.648   8704.544   8864.713  18897.153  19232.743  19587.251  20027.055  22487.515  22959.789
        23776.806  24049.594  97636.690  98886.633
    82      7.415     15.031     31.933     42.310     69.260     84.000    103.000    122.000    140.000    173.000    196.941
          218.547    240.146    261.635    350.535    377.655    404.765    431.866    482.389    512.091    577.322    620.118
          651.797    700.921    761.125    821.308    881.468    941.605   1001.721   1061.411   1126.723   1187.981   1249.215
         1309.420   1370.610   1430.770   1769.761   1831.839   1894.899   1957.937   2019.945   2082.935   2169.031   2232.976
         2296.898   2361.800   2637.695   2702.510   2767.302   2833.074   3020.316   3091.036   3291.210   3361.853   5042.852
         5210.452   5377.990   5545.466   5712.879   5880.230   6152.754   6324.972   6497.125   6669.214   7132.675   7311.496
         7461.663   7676.515   8467.288   8644.833   8977.547   9140.867  19401.377  19749.191  20115.585  20555.301  23151.298
        23634.567  24473.810  24759.534 100368.312 101647.098
    83      7.288     16.690     25.580     45.300     56.000     94.420    107.000    127.000    148.000    169.500    191.005
          215.857    237.989    260.239    282.410    373.543    400.885    428.351    455.742    508.307    538.411    610.922
          648.082    680.256    735.990    796.895    857.952    918.964    980.030   1041.051   1102.717   1169.376   1231.152
         1292.983   1355.856   1417.795   1480.778   1823.069   1887.275   1951.536   2015.854   2080.227   2144.655   2232.969
         2299.506   2365.107   2431.758   2714.299   2781.160   2848.078   2915.054   3113.606   3186.735   3392.558   3465.870
         5192.090   5364.105   5537.266   5709.577   5883.035   6055.643   6339.476   6518.435   6697.546   6876.811   7353.956
         7534.482   7687.888   7903.715   8735.727   8915.310   9255.934   9422.406  19925.477  20275.282  20643.383  21093.357
        23835.337  24319.390  25191.317  25480.055 103181.359 104460.507
    84      8.310     19.200     27.100     38.000     61.000     73.000    112.000    132.000    154.000    176.000    199.168
          222.232    249.223    272.984    296.843    320.597    418.898    447.675    476.447    505.215    562.178    593.754
          675.874    709.349    743.725    807.290    870.844    934.389    997.923   1061.748   1125.061   1188.363   1257.692
         1322.985   1387.262   1451.528   1515.784   1580.030   1936.914   2002.121   2067.318   2132.503   2197.679   2262.844
         2355.138   2422.289   2489.430   2556.560   2846.757   2913.847   2981.931   3049.000   3257.696   3331.763   3542.411
         3616.443   5402.635   5575.913   5749.163   5922.384   6095.578   6268.743   6559.316   6738.437   6917.530   7095.590
         7577.650   7760.825   7916.475   8133.126   9009.492   9192.114   9539.716   9709.338  20438.126  20800.621  21180.984
        21641.206  24529.325  25024.535  25919.079  26221.366 106044.935 107327.967
    85      9.250     20.050     29.100     41.000     51.000     78.000     91.000    138.000    160.000    184.000    209.073
          234.002    258.996    288.355    314.106    339.713    365.279    471.892    502.327    532.610    562.949    625.221
          658.354    745.830    780.790    823.275    889.974    956.567   1023.055   1089.023   1155.404   1221.679   1287.849
         1361.137   1427.090   1493.967   1560.738   1627.401   1692.930   2066.475   2132.575   2198.568   2265.479   2331.256
         2397.950   2492.134   2560.631   2627.996   2695.250   2994.716   3062.582   3129.319   3196.962   3416.849   3489.221
         3705.473   3778.502   5629.295   5802.832   5976.083   6148.039   6320.720   6492.106   6789.158   6965.915   7143.385
         7319.554   7805.772   7990.533   8148.437   8366.780   9287.579   9474.239   9829.913  10001.673  20970.590  21335.574
        21728.371  22188.500  25233.253  25739.710  26667.344  26983.483 108907.594 110250.638
    86     10.746     21.200     29.200     43.900     55.000     67.000     97.000    111.000    166.000    190.000    216.925
          243.670    270.454    297.168    328.785    356.216    383.467    410.753    525.301    557.269    589.044    620.734
          688.288    722.860    815.496    851.829    903.070    972.561   1041.971   1110.982   1180.442   1248.656   1317.740
         1385.582   1461.663   1531.226   1599.547   1667.681   1736.673   1804.428   2192.699   2260.690   2327.447   2395.057
         2462.475   2528.665   2626.789   2695.663   2763.307   2831.789   3140.201   3206.933   3274.499   3341.868   3573.035
         3646.951   3866.819   3939.080   5855.125   6028.247   6200.868   6372.990   6544.611   6716.744   7018.783   7195.785
         7371.260   7546.218   8037.326   8223.613   8384.789   8603.666   9572.021   9761.690  10122.488  10299.420  21502.007
        21880.121  22275.202  22745.567  25957.402  26475.188  27425.864  27746.014 111872.162 113229.736
    87      3.990     22.250     33.250     43.000     59.000     71.000     84.000    117.000    133.000    197.000    225.830
          254.666    283.396    312.020    340.425    374.754    403.829    432.905    461.872    584.840    618.282    651.596
          684.673    758.114    794.266    892.324    930.049    990.672   1063.161   1134.827   1207.627   1279.062   1350.219
         1421.097   1491.698   1570.626   1642.801   1713.618   1784.153   1854.406   1924.377   2326.941   2395.707   2464.191
         2532.393   2600.313   2667.950   2769.996   2839.100   2907.913   2975.391   3292.915   3360.371   3427.536   3494.411
         3737.958   3811.133   4036.543   4107.748   6089.313   6262.645   6435.238   6606.069   6777.183   6947.556   7257.180
         7431.865   7605.785   7778.941   8273.329   8461.080   8625.541   8844.803   9863.842  10056.507  10432.638  10609.681
        22042.768  22434.239  22831.799  23312.391  26691.470  27220.682  28204.888  28539.581 114835.781 116266.537
    88      5.278     10.145     34.150     46.200     58.200     76.000     89.000    103.000    140.000    156.000    208.818
          236.857    264.863    292.732    320.673    348.476    382.383    411.054    439.690    468.293    588.785    621.622
          654.420    687.179    761.406    797.270    893.987    931.590    998.476   1070.236   1141.809   1212.265   1283.669
         1354.987   1426.220   1497.369   1576.655   1648.656   1720.571   1791.374   1863.117   1934.775   2332.032   2402.300
         2472.484   2542.583   2612.597   2683.548   2792.172   2863.947   2935.636   3007.237   3328.186   3399.464   3470.655
         3541.758   3798.643   3877.582   4108.593   4187.247   6202.133   6384.749   6566.130   6747.289   6928.226   7109.951
         7437.848   7625.094   7811.100   7997.885   8513.792   8702.945   8869.693   9089.182  10158.992  10350.571  10733.030
        10920.312  22592.844  22987.561  23398.146  23888.959  27445.734  27986.461  28994.167  29343.789 117901.242 119362.382
    89      6.890     11.800     20.000     49.000     62.000     76.000     95.000    109.000    124.000    164.000    181.726
          241.998    271.585    301.221    330.694    360.109    389.573    425.893    456.085    486.218    516.292    643.998
          678.093    712.226    746.185    826.200    863.565    964.902   1003.739   1080.767   1154.281   1228.698   1301.920
         1374.995   1448.970   1521.752   1595.432   1677.309   1751.727   1824.954   1899.073   1972.002   2045.822   2453.384
         2525.536   2596.505   2668.362   2739.038   2810.600   2925.306   2997.558   3070.689   3142.640   3471.104   3542.497
         3614.766   3685.858   3957.217   4035.980   4272.751   4351.021   6429.308   6612.052   6794.413   6976.392   7157.988
         7339.202   7674.908   7862.278   8049.251   8234.818   8756.709   8948.205   9116.240   9336.804  10458.491  10660.142
        11054.070  11231.312  23141.831  23550.426  23974.229  24464.939  28209.897  28762.243  29803.950  30168.859 121068.497
       122518.681
    90      6.970     11.500     20.000     28.700     65.000     80.000     94.000    115.000    130.000    145.000    182.031
          200.155    265.280    295.367    325.417    355.430    385.407    415.347    452.867    483.668    514.430    545.154
          675.561    710.206    744.807    779.262    863.205    901.176   1004.437   1043.725   1129.057   1203.933   1278.715
         1353.404   1428.001   1502.504   1576.914   1651.232   1735.764   1810.919   1887.009   1961.976   2036.848   2111.625
         2521.084   2594.439   2666.676   2739.846   2812.923   2885.907   3008.930   3083.742   3158.459   3233.079   3566.825
         3640.073   3714.246   3788.324   4074.051   4155.944   4398.375   4478.940   6608.593   6796.250   6982.652   7168.815
         7355.751   7541.434   7891.775   8083.952   8276.892   8468.573   9003.095   9195.857   9367.211   9587.675  10758.282
        10959.824  11375.499  11552.833  23710.457  24122.812  24549.725  25050.641  28994.229  29558.291  30634.237  31004.592
       124234.738 125736.920
    91      5.800     12.558     19.601     32.169     52.348     84.000    100.000    115.000    138.000    154.000    170.856
          213.091    231.785    300.749    332.006    363.207    394.353    425.338    456.375    497.534    529.299    561.008
          592.660    727.154    762.825    798.432    833.870    923.987    963.141   1069.796   1110.849   1205.328   1282.869
         1359.223   1436.486   1513.610   1589.550   1666.396   1743.103   1830.087   1907.547   1984.866   2062.044   2139.081
         2214.939   2631.512   2705.752   2779.854   2854.852   2928.679   3002.368   3134.656   3210.077   3285.357   3360.495
         3702.447   3776.036   3850.511   3924.844   4227.173   4309.195   4556.491   4638.050   6830.466   7018.759   7206.697
         7394.281   7581.510   7768.384   8128.256   8321.352   8515.093   8707.453   9248.919   9442.867   9617.553   9837.729
        11068.529  11269.944  11697.318  11884.893  24267.603  24694.372  25134.935  25635.746  29788.439  30364.327  31474.780
        31861.216 127399.965 129018.662
    92      6.100     11.272     22.020     26.565     38.431     66.191    104.000    120.000    138.000    162.000    199.522
          218.711    269.392    290.580    375.231    410.500    445.698    480.585    515.401    549.908    597.684    632.834
          667.787    702.544    853.453    892.048    930.423    968.693   1071.801   1113.600   1232.043   1274.519   1385.325
         1468.145   1551.623   1633.485   1714.868   1795.774   1877.326   1957.273   2050.156   2131.339   2210.920   2290.017
         2369.735   2447.861   2890.371   2964.293   3037.744   3111.813   3184.318   3256.351   3398.122   3471.161   3544.791
         3617.930   3969.214   4039.488   4109.277   4178.583   4501.658   4577.653   4828.247   4902.648   7191.658   7371.592
         7549.270   7726.768   7902.016   8077.078   8434.137   8614.360   8792.296   8968.968   9500.244   9696.326   9872.330
        10093.070  11379.078  11590.518  12019.526  12217.348  24844.327  25275.425  25729.845  26230.552  30602.793  31190.612
        32335.828  32738.746 130769.629 132365.557
    93      5.493     11.802     18.376     32.766     52.864     72.968     92.228    106.819    121.454    136.095    151.541
          186.125    202.887    248.413    267.094    345.623    376.857    408.101    439.355    470.619    501.792    546.420
          578.619    610.727    642.846    777.180    813.352    849.535    885.729    983.317   1023.865   1132.560   1173.948
         1283.706   1362.332   1439.976   1518.651   1597.351   1676.075   1754.824   1833.598   1924.476   2004.308   2085.172
         2165.055   2244.963   2324.896   2741.352   2818.366   2896.412   2973.474   3051.568   3129.687   3278.421   3358.617
         3438.839   3519.085   3866.761   3946.091   4025.445   4104.825   4445.743   4534.302   4794.594   4883.235   7173.445
         7372.633   7571.884   7771.198   7970.573   8170.012   8561.659   8769.344   8977.093   9184.908   9755.061   9952.192
        10131.551  10353.705  11700.102  11911.378  12362.458  12560.367  25419.904  25865.947  26324.147  26835.044  31437.275
        32037.135  33217.382  33626.976 134138.214 135779.348
    94      5.113     11.192     20.707     40.821     60.941     80.468     94.987    109.530    124.068    139.212    159.370
          179.534    209.726    226.799    276.354    295.249    377.622    409.577    441.443    473.320    505.308    537.206
          585.174    617.900    650.637    683.485    819.597    856.503    893.321    930.251   1034.234   1074.618   1186.402
         1228.837   1346.718   1427.420   1507.143   1587.898   1667.675   1747.478   1828.315   1908.172   2003.163   2085.090
         2166.038   2248.020   2330.030   2412.068   2832.867   2910.983   2990.133   3069.310   3148.514   3227.744   3383.696
         3465.011   3547.362   3628.730   3981.771   4063.240   4143.726   4225.248   4586.710   4677.430   4943.057   5032.856
         7381.681   7583.168   7785.733   7988.366   8190.054   8392.822   8797.086   9008.121   9219.227   9430.402  10010.338
        10207.426  10391.168  10612.510  12031.618  12242.710  12705.804  12903.792  25994.334  26455.616  26928.128  27449.206
        32281.602  32903.885  34109.191  34546.367 137505.719 139261.874
    95      5.655     12.152     18.827     36.169     58.182     80.192     95.413    110.539    125.680    140.827    162.792
          184.865    206.845    230.738    248.323    299.605    319.115    414.161    446.941    479.632    512.334    545.149
          577.875    628.285    661.942    695.610    729.291    869.296    906.939    944.596    982.266   1092.048   1133.479
         1248.357   1291.843   1418.866   1500.643   1582.449   1664.285   1746.149   1828.043   1909.966   1991.917   2089.014
         2173.043   2256.093   2339.173   2423.290   2506.429   2932.590   3012.822   3093.083   3173.371   3254.698   3335.043
         3498.228   3581.675   3664.142   3747.648   4105.056   4186.648   4269.279   4351.940   4738.026   4829.902   5101.890
         5192.851   7599.385   7804.189   8009.066   8215.027   8420.049   8625.142   9043.062   9257.458   9471.929   9686.475
        10280.270  10479.287  10663.366  10881.710  12363.456  12584.527  13059.744  13257.805  26588.244  27065.021  27541.771
        28062.740  33156.296  33780.590  35021.506  35466.257 140974.821 142815.086
    96      5.667     12.362     18.967     34.139     59.635     81.767     97.160    112.549    127.994    144.145    167.116
          190.095    212.983    235.779    253.872    272.071    326.587    346.613    451.033    484.438    517.855    551.386
          584.828    618.283    669.632    704.120    738.622    773.136    917.342    955.724    994.221   1033.034   1147.920
         1191.405   1308.377   1352.915   1490.097   1572.953   1656.847   1739.764   1823.721   1906.701   1990.720   2073.763
         2173.978   2259.103   2344.260   2429.449   2514.669   2599.921   3031.456   3112.798   3194.171   3276.584   3358.017
         3440.491   3610.920   3695.493   3780.099   3864.735   4225.508   4309.247   4393.018   4475.808   4887.571   4981.619
         5258.967   5352.106   7817.462   8024.579   8232.787   8441.072   8649.434   8857.873   9289.475   9506.224   9724.069
         9941.994  10543.587  10741.392  10935.978  11151.124  12705.805  12926.649  13414.112  13622.426  27191.271  27673.544
        28154.787  28685.924  34040.809  34687.765  35944.077  36417.341 144545.472 146441.048
    97      5.493     12.573     19.278     35.531     58.427     83.153     98.818    114.459    130.207    147.464    171.240
          195.026    218.822    240.822    259.321    279.633    303.464    354.496    374.839    489.244    523.376    557.522
          591.681    625.853    660.039    712.329    747.550    782.887    818.136    966.751   1005.873   1045.414   1083.863
         1205.872   1249.402   1370.485   1416.079   1561.420   1646.364   1732.350   1817.361   1902.406   1987.484   2072.596
         2157.741   2260.072   2346.297   2433.564   2519.857   2607.193   2694.563   3131.482   3213.938   3297.437   3380.968
         3463.521   3547.118   3725.814   3811.518   3897.255   3984.038   4348.182   4433.062   4517.976   4602.922   5040.405
         5135.619   5419.350   5514.674   8037.942   8248.393   8459.939   8670.554   8882.265   9093.044   9538.354   9759.495
         9980.721  10206.095  10817.535  11014.057  11209.004  11420.752  13058.680  13279.274  13779.099  13987.478  27793.091
        28281.183  28787.715  29318.742  34945.394  35604.876  36897.404  37379.176 148217.621 150141.951
    98      5.409     11.832     22.319     44.928     67.546     86.490    102.027    117.671    133.222    152.486    178.071
          201.962    225.763    247.569    266.275    286.995    310.934    334.782    385.843    406.504    526.687    561.448
          596.122    630.911    665.715    700.432    752.256    788.212    824.184    860.170   1013.299   1053.767   1093.246
         1132.740   1259.868   1305.457   1429.651   1476.302   1630.819   1717.856   1803.920   1891.028   1978.172   2064.343
         2151.559   2237.801   2343.260   2431.597   2519.970   2608.379   2696.824   2785.306   3228.629   3313.212   3397.830
         3482.482   3567.169   3650.879   3836.844   3924.692   4012.577   4099.484   4468.020   4554.043   4641.115   4727.208
         5190.455   5288.864   5577.978   5675.492   8257.787   8471.578   8684.441   8898.406   9112.458   9326.597   9786.659
        10011.183  10233.766  10459.490  11081.810  11287.127  11482.443  11690.594  13401.698  13632.214  14154.724  14363.162
        28393.705  28898.214  29409.730  29961.179  35870.035  36542.175  37860.988  38362.007 151888.593 153920.123
    99      5.480     11.983     23.360     46.811     70.261     87.795    103.635    119.382    135.235    157.007    180.492
          206.894    231.603    252.613    271.625    294.358    319.007    343.767    368.438    415.210    436.391    567.381
          602.772    638.279    673.701    709.137    744.690    797.257    833.951    870.761    907.487   1065.138   1105.647
         1146.173   1186.717   1320.986   1366.624   1494.942   1542.653   1706.361   1794.487   1882.651   1970.852   2059.091
         2147.368   2236.693   2325.046   2431.621   2522.075   2612.567   2702.087   2792.657   2883.265   3331.996   3417.700
         3503.440   3589.218   3676.044   3761.894   3955.143   4044.128   4133.152   4222.214   4594.139   4682.323   4769.531
         4857.789   5348.875   5448.458   5744.996   5843.690   8484.103   8701.244   8917.461   9134.785   9351.186   9568.695
        10043.536  10271.455  10497.435  10723.512  11356.735  11560.603  11756.297  11970.856  13765.456  13995.676  14530.802
        14749.496  29003.386  29524.613  30051.627  30602.957  36814.716  37509.906  38855.327  39376.092 155660.998 157778.041
   100      5.551     12.143     24.371     48.613     72.866     89.061    105.143    121.092    137.148    161.328    185.620
          209.922    237.143    257.556    277.076    301.421    326.881    352.452    377.935    403.429    445.510    467.011
          609.422    645.546    681.686    717.843    753.915    790.104    843.416    880.950    918.501    956.068   1118.047
         1159.605   1201.182   1242.777   1383.190   1429.886   1561.327   1610.102   1783.013   1872.231   1962.498   2052.805
         2142.143   2232.531   2322.959   2413.428   2522.132   2614.708   2706.313   2797.959   2889.646   2982.386   3436.534
         3524.375   3611.242   3699.160   3786.105   3874.101   4073.631   4163.758   4254.938   4345.145   4722.495   4811.831
         4901.206   4990.621   5510.607   5612.384   5914.330   6015.225   8713.858   8934.356   9153.935   9373.611   9593.384
         9813.254  10298.833  10535.242  10761.574  10998.189  11642.340  11844.678  12040.761  12261.549  14129.567  14369.674
        14927.753  15146.499  29632.369  30160.359  30703.120  31254.333  37789.674  38487.546  39870.173  40411.213 159534.788
       161718.345
   101      5.624     12.293     25.342     50.356     74.030     90.286    106.550    122.802    140.464    165.450    190.547
          215.657    240.778    262.601    282.427    308.284    334.555    360.837    387.032    413.339    439.659    476.643
          498.668    652.713    689.572    726.347    763.240    800.050    836.877    890.937    929.212    967.606   1005.916
         1173.037   1214.638   1257.268   1298.908   1447.491   1495.249   1629.818   1679.659   1860.777   1953.109   2044.475
         2135.883   2227.333   2318.825   2411.371   2502.948   2614.799   2708.489   2802.223   2895.999   2988.807   3082.670
         3543.261   3632.230   3721.240   3810.291   3898.369   3987.502   4193.325   4285.611   4377.938   4470.308   4853.094
         4943.585   5034.117   5124.691   5675.659   5778.620   6087.002   6190.104   8947.060   9169.907   9392.856   9615.907
         9838.042  10061.297  10562.729  10799.497  11036.373  11273.358  11928.457  12129.175  12335.857  12542.260  14504.244
        14744.005  15325.182  15543.970  30260.087  30805.430  31353.943  31915.292  38774.387  39495.592  40905.526  41467.386
       163509.914 165743.854
   102      5.697     12.453     26.283     52.038     74.993     91.461    107.958    124.412    143.680    169.571    195.375
          221.191    247.020    267.645    287.879    313.341    341.928    368.922    395.930    422.950    449.983    477.130
          508.814    531.262    697.356    734.851    772.364    809.895    847.445    885.012    939.621    978.740   1017.878
         1057.438   1228.094   1271.758   1314.434   1357.130   1512.885   1561.706   1700.419   1750.319   1940.666   2034.099
         2127.576   2221.098   2313.654   2407.266   2500.922   2594.624   2708.614   2804.435   2899.289   2995.201   3090.146
         3185.136   3652.181   3742.282   3832.426   3922.612   4012.842   4103.114   4316.258   4409.692   4503.171   4596.693
         4985.941   5077.591   5169.284   5262.037   5844.041   5949.207   6264.038   6368.336   9183.717   9409.937   9635.247
         9860.663  10086.186  10314.874  10837.285  11074.417  11311.662  11549.018  12215.086  12424.301  12631.400  12833.410
        14889.503  15128.890  15733.312  15952.134  30896.783  31449.561  32014.343  32585.819  39789.341  40534.028  41961.387
        42544.628 167483.764 169857.580
   103      4.312     14.004     21.371     42.812     70.231     90.244    107.362    124.519    141.585    166.176    193.687
          221.111    248.650    270.283    291.124    317.897    345.488    376.105    404.527    432.964    461.515    489.980
          516.448    539.610    564.695    746.877    785.111    823.466    861.739    900.132    938.443    995.115   1035.283
         1074.866   1114.469   1291.292   1333.995   1377.730   1421.485   1585.433   1635.322   1778.188   1829.160   2028.752
         2123.289   2217.873   2313.516   2408.194   2502.919   2597.691   2693.522   2810.671   2907.615   3004.608   3101.648
         3198.736   3295.872   3768.372   3859.609   3951.906   4043.234   4134.606   4226.023   4446.502   4542.105   4636.739
         4732.436   5127.144   5219.958   5312.816   5406.738   6020.850   6128.228   6449.523   6556.040   9429.951   9658.536
         9886.214  10115.023  10341.903  10568.895  11112.327  11349.825  11597.648  11835.381  12512.442  12719.865  12927.388
        13135.013  15285.359  15534.571  16152.161  16381.242  31542.427  32113.226  32684.302  33255.655  40834.513  41592.590
        43058.254  43663.461 171558.884 174062.751
 
